max_T <- 800
max_N <- 500
inv_period_length <- 21

start_date <- "1983-01-01"
end_date <- "2023-12-31"

data_path <- "data/"